>P61626
1	M	0.006	0
2	K	0.032	0
3	A	0.021	0
4	L	0.042	0
5	I	0.023	0
6	V	0.027	0
7	L	0.011	0
8	G	0.047	0
9	L	0.028	0
10	V	0.027	0
11	L	0.063	0
12	L	0.040	0
13	S	0.097	0
14	V	0.142	0
15	T	0.086	0
16	V	0.023	0
17	Q	0.060	0
18	G	0.040	0
19	K	0.007	0
20	V	0.019	0
21	F	0.007	0
22	E	0.006	0
23	R	0.004	0
24	C	0.010	0
25	E	0.016	0
26	L	0.002	0
27	A	0.008	0
28	R	0.009	0
29	T	0.003	0
30	L	0.002	0
31	K	0.002	0
32	R	0.008	0
33	L	0.002	0
34	G	0.004	0
35	M	0.004	0
36	D	0.004	0
37	G	0.002	0
38	Y	0.007	0
39	R	0.002	0
40	G	0.017	0
41	I	0.003	0
42	S	0.014	0
43	L	0.006	0
44	A	0.005	0
45	N	0.025	0
46	W	0.020	0
47	M	0.177	0
48	C	0.215	0
49	L	0.067	0
50	A	0.027	0
51	K	0.023	0
52	W	0.009	0
53	E	0.006	0
54	S	0.042	0
55	G	0.027	0
56	Y	0.011	0
57	N	0.006	0
58	T	0.004	0
59	R	0.035	0
60	A	0.017	0
61	T	0.024	0
62	N	0.010	0
63	Y	0.080	0
64	N	0.043	0
65	A	0.020	0
66	G	0.116	0
67	D	0.022	0
68	R	0.066	0
69	S	0.018	0
70	T	0.028	0
71	D	0.043	0
72	Y	0.075	0
73	G	0.214	0
74	I	0.208	0
75	F	0.016	0
76	Q	0.004	0
77	I	0.016	0
78	N	0.034	0
79	S	0.007	0
80	R	0.029	0
81	Y	0.017	0
82	W	0.015	0
83	C	0.003	0
84	N	0.009	0
85	D	0.006	0
86	G	0.008	0
87	K	0.015	0
88	T	0.018	0
89	P	0.013	0
90	G	0.027	0
91	A	0.045	0
92	V	0.072	0
93	N	0.035	0
94	A	0.009	0
95	C	0.008	0
96	H	0.022	0
97	L	0.012	0
98	S	0.026	0
99	C	0.001	0
100	S	0.007	0
101	A	0.005	0
102	L	0.076	0
103	L	0.090	0
104	Q	0.065	0
105	D	0.028	0
106	N	0.040	0
107	I	0.052	0
108	A	0.018	0
109	D	0.014	0
110	A	0.013	0
111	V	0.014	0
112	A	0.016	0
113	C	0.006	0
114	A	0.007	0
115	K	0.006	0
116	R	0.007	0
117	V	0.011	0
118	V	0.032	0
119	R	0.007	0
120	D	0.003	0
121	P	0.018	0
122	Q	0.010	0
123	G	0.016	0
124	I	0.018	0
125	R	0.007	0
126	A	0.009	0
127	W	0.008	0
128	V	0.010	0
129	A	0.015	0
130	W	0.009	0
131	R	0.013	0
132	N	0.015	0
133	R	0.008	0
134	C	0.013	0
135	Q	0.069	0
136	N	0.198	0
137	R	0.220	0
138	D	0.166	0
139	V	0.569	1
140	R	0.336	0
141	Q	0.713	1
142	Y	0.785	1
143	V	0.787	1
144	Q	0.859	1
145	G	0.877	1
146	C	0.685	1
147	G	0.926	1
148	V	0.736	1
>P0DJI9
1	M	0.175	0
2	K	0.132	0
3	L	0.090	0
4	L	0.185	0
5	T	0.162	0
6	G	0.146	0
7	L	0.132	0
8	V	0.337	0
9	F	0.283	0
10	C	0.358	0
11	S	0.378	0
12	L	0.284	0
13	V	0.386	1
14	L	0.185	0
15	S	0.193	0
16	V	0.206	0
17	S	0.237	0
18	S	0.161	0
19	R	0.135	0
20	S	0.438	1
21	F	0.511	1
22	F	0.606	1
23	S	0.603	1
24	F	0.567	1
25	L	0.196	0
26	G	0.217	0
27	E	0.316	0
28	A	0.217	0
29	F	0.153	0
30	D	0.250	0
31	G	0.076	0
32	A	0.116	0
33	R	0.293	0
34	D	0.508	1
35	M	0.081	0
36	W	0.263	0
37	R	0.088	0
38	A	0.178	0
39	Y	0.312	0
40	S	0.068	0
41	D	0.106	0
42	M	0.098	0
43	R	0.206	0
44	E	0.044	0
45	A	0.121	0
46	N	0.103	0
47	Y	0.141	0
48	I	0.183	0
49	G	0.223	0
50	S	0.122	0
51	D	0.139	0
52	K	0.135	0
53	Y	0.240	0
54	F	0.112	0
55	H	0.167	0
56	A	0.332	0
57	R	0.257	0
58	G	0.283	0
59	N	0.470	1
60	Y	0.539	1
61	D	0.592	1
62	A	0.769	1
63	A	0.667	1
64	K	0.491	1
65	R	0.773	1
66	G	0.406	1
67	P	0.817	1
68	G	0.882	1
69	G	0.395	1
70	A	0.501	1
71	W	0.497	1
72	A	0.694	1
73	A	0.562	1
74	E	0.750	1
75	V	0.348	0
76	I	0.335	0
77	S	0.203	0
78	N	0.265	0
79	A	0.691	1
80	R	0.377	0
81	E	0.480	1
82	N	0.408	1
83	I	0.659	1
84	Q	0.817	1
85	R	0.939	1
86	L	0.875	1
87	T	0.873	1
88	G	0.921	1
89	R	0.990	1
90	G	0.976	1
91	A	0.943	1
92	E	0.907	1
93	D	0.809	1
94	S	0.846	1
95	L	0.924	1
96	A	0.911	1
97	D	0.941	1
98	Q	0.977	1
99	A	0.963	1
100	A	0.957	1
101	N	0.976	1
102	K	0.959	1
103	W	0.965	1
104	G	0.955	1
105	R	0.987	1
106	S	0.986	1
107	G	0.983	1
108	R	0.989	1
109	D	0.992	1
110	P	0.989	1
111	N	0.982	1
112	H	0.984	1
113	F	0.976	1
114	R	0.992	1
115	P	0.985	1
116	A	0.995	1
117	G	0.995	1
118	L	0.993	1
119	P	0.997	1
120	E	0.992	1
121	K	0.986	1
122	Y	0.991	1
>P01034
1	M	0.120	0
2	A	0.088	0
3	G	0.044	0
4	P	0.032	0
5	L	0.055	0
6	R	0.032	0
7	A	0.024	0
8	P	0.028	0
9	L	0.026	0
10	L	0.005	0
11	L	0.021	0
12	L	0.006	0
13	A	0.011	0
14	I	0.035	0
15	L	0.026	0
16	A	0.052	0
17	V	0.029	0
18	A	0.124	0
19	L	0.065	0
20	A	0.106	0
21	V	0.104	0
22	S	0.266	0
23	P	0.143	0
24	A	0.075	0
25	A	0.138	0
26	G	0.117	0
27	S	0.335	0
28	S	0.264	0
29	P	0.432	1
30	G	0.602	1
31	K	0.388	1
32	P	0.443	1
33	P	0.282	0
34	R	0.546	1
35	L	0.313	0
36	V	0.425	1
37	G	0.248	0
38	G	0.455	1
39	P	0.466	1
40	M	0.244	0
41	D	0.361	0
42	A	0.039	0
43	S	0.079	0
44	V	0.060	0
45	E	0.082	0
46	E	0.013	0
47	E	0.032	0
48	G	0.028	0
49	V	0.015	0
50	R	0.010	0
51	R	0.022	0
52	A	0.008	0
53	L	0.002	0
54	D	0.011	0
55	F	0.007	0
56	A	0.011	0
57	V	0.004	0
58	G	0.012	0
59	E	0.009	0
60	Y	0.008	0
61	N	0.012	0
62	K	0.012	0
63	A	0.021	0
64	S	0.038	0
65	N	0.039	0
66	D	0.043	0
67	M	0.014	0
68	Y	0.012	0
69	H	0.012	0
70	S	0.007	0
71	R	0.006	0
72	A	0.006	0
73	L	0.008	0
74	Q	0.022	0
75	V	0.005	0
76	V	0.011	0
77	R	0.003	0
78	A	0.002	0
79	R	0.007	0
80	K	0.003	0
81	Q	0.042	0
82	I	0.014	0
83	V	0.039	0
84	A	0.011	0
85	G	0.014	0
86	V	0.014	0
87	N	0.002	0
88	Y	0.005	0
89	F	0.003	0
90	L	0.008	0
91	D	0.003	0
92	V	0.006	0
93	E	0.002	0
94	L	0.003	0
95	G	0.008	0
96	R	0.008	0
97	T	0.002	0
98	T	0.004	0
99	C	0.004	0
100	T	0.015	0
101	K	0.032	0
102	T	0.045	0
103	Q	0.102	0
104	P	0.040	0
105	N	0.100	0
106	L	0.079	0
107	D	0.033	0
108	N	0.124	0
109	C	0.096	0
110	P	0.097	0
111	F	0.037	0
112	H	0.141	0
113	D	0.131	0
114	Q	0.040	0
115	P	0.152	0
116	H	0.105	0
117	L	0.013	0
118	K	0.021	0
119	R	0.013	0
120	K	0.031	0
121	A	0.004	0
122	F	0.003	0
123	C	0.006	0
124	S	0.004	0
125	F	0.005	0
126	Q	0.002	0
127	I	0.005	0
128	Y	0.002	0
129	A	0.002	0
130	V	0.004	0
131	P	0.006	0
132	W	0.003	0
133	Q	0.002	0
134	G	0.004	0
135	T	0.006	0
136	M	0.004	0
137	T	0.011	0
138	L	0.003	0
139	S	0.002	0
140	K	0.010	0
141	S	0.007	0
142	T	0.007	0
143	C	0.020	0
144	Q	0.048	0
145	D	0.200	0
146	A	0.043	0
>DP01096
1	M	0.007	0
2	G	0.015	0
3	G	0.019	0
4	G	0.009	0
5	N	0.036	0
6	G	0.040	0
7	G	0.044	0
8	G	0.036	0
9	G	0.072	0
10	T	0.048	0
11	K	0.051	0
12	D	0.079	0
13	K	0.062	0
14	D	0.032	0
15	A	0.019	0
16	K	0.012	0
17	H	0.019	0
18	A	0.027	0
19	L	0.010	0
20	D	0.007	0
21	R	0.033	0
22	I	0.012	0
23	G	0.008	0
24	E	0.020	0
25	E	0.008	0
26	V	0.005	0
27	Y	0.031	0
28	K	0.076	0
29	E	0.068	0
30	K	0.012	0
31	V	0.059	0
32	E	0.026	0
33	N	0.033	0
34	D	0.013	0
35	A	0.009	0
36	E	0.023	0
37	K	0.012	0
38	Y	0.019	0
39	K	0.019	0
40	K	0.009	0
41	A	0.016	0
42	L	0.020	0
43	K	0.008	0
44	G	0.005	0
45	N	0.004	0
46	L	0.004	0
47	Q	0.007	0
48	E	0.009	0
49	A	0.004	0
50	K	0.016	0
51	G	0.008	0
52	I	0.005	0
53	G	0.005	0
54	E	0.012	0
55	L	0.004	0
56	A	0.002	0
57	S	0.002	0
58	S	0.001	0
59	P	0.003	0
60	N	0.002	0
61	P	0.001	0
62	C	0.001	0
63	K	0.002	0
64	L	0.007	0
65	V	0.004	0
66	E	0.002	0
67	D	0.000	0
68	Y	0.001	0
69	Y	0.001	0
70	N	0.001	0
71	N	0.001	0
72	R	0.001	0
73	L	0.001	0
74	K	0.001	0
75	R	0.001	0
76	K	0.000	0
77	R	0.001	0
78	Y	0.001	0
79	P	0.001	0
80	C	0.003	0
81	A	0.001	0
82	N	0.001	0
83	R	0.001	0
84	Q	0.001	0
85	T	0.002	0
86	V	0.002	0
87	R	0.001	0
88	F	0.002	0
89	S	0.004	0
90	D	0.002	0
91	E	0.001	0
92	Y	0.002	0
93	G	0.001	0
94	G	0.000	0
95	Q	0.000	0
96	C	0.001	0
97	T	0.001	0
98	F	0.002	0
99	N	0.000	0
100	R	0.001	0
101	I	0.003	0
102	K	0.003	0
103	D	0.001	0
104	S	0.001	0
105	E	0.002	0
106	N	0.003	0
107	N	0.002	0
108	D	0.005	0
109	N	0.004	0
110	S	0.003	0
111	I	0.001	0
112	G	0.003	0
113	A	0.001	0
114	C	0.000	0
115	A	0.001	0
116	P	0.001	0
117	Y	0.000	0
118	R	0.000	0
119	R	0.000	0
120	L	0.001	0
121	H	0.001	0
122	L	0.001	0
123	C	0.002	0
124	D	0.000	0
125	Y	0.001	0
126	N	0.000	0
127	L	0.000	0
128	E	0.000	0
129	K	0.001	0
130	M	0.001	0
131	G	0.001	0
132	K	0.001	0
133	T	0.002	0
134	S	0.002	0
135	T	0.001	0
136	T	0.000	0
137	K	0.003	0
138	H	0.007	0
139	D	0.002	0
140	L	0.002	0
141	L	0.001	0
142	L	0.001	0
143	D	0.002	0
144	V	0.001	0
145	C	0.000	0
146	M	0.001	0
147	A	0.000	0
148	A	0.002	0
149	K	0.001	0
150	Y	0.001	0
151	E	0.001	0
152	G	0.001	0
153	D	0.000	0
154	S	0.000	0
155	I	0.000	0
156	K	0.001	0
157	T	0.001	0
158	H	0.001	0
159	Y	0.001	0
160	T	0.003	0
161	K	0.001	0
162	H	0.001	0
163	E	0.003	0
164	L	0.001	0
165	T	0.001	0
166	N	0.001	0
167	P	0.001	0
168	D	0.001	0
169	T	0.001	0
170	K	0.000	0
171	S	0.001	0
172	Q	0.000	0
173	L	0.001	0
174	C	0.000	0
175	T	0.001	0
176	I	0.001	0
177	L	0.001	0
178	A	0.000	0
179	R	0.001	0
180	S	0.001	0
181	F	0.000	0
182	A	0.001	0
183	D	0.000	0
184	I	0.000	0
185	G	0.001	0
186	D	0.000	0
187	I	0.000	0
188	V	0.001	0
189	R	0.000	0
190	G	0.001	0
191	K	0.001	0
192	D	0.000	0
193	L	0.001	0
194	Y	0.001	0
195	L	0.002	0
196	G	0.001	0
197	Y	0.002	0
198	D	0.001	0
199	D	0.002	0
200	K	0.002	0
201	E	0.002	0
202	K	0.001	0
203	D	0.001	0
204	E	0.000	0
205	R	0.003	0
206	K	0.001	0
207	K	0.001	0
208	L	0.000	0
209	E	0.001	0
210	N	0.001	0
211	N	0.000	0
212	L	0.000	0
213	I	0.000	0
214	E	0.000	0
215	I	0.001	0
216	F	0.001	0
217	K	0.001	0
218	K	0.001	0
219	I	0.001	0
220	H	0.001	0
221	E	0.001	0
222	N	0.004	0
223	L	0.001	0
224	G	0.001	0
225	T	0.001	0
226	Q	0.003	0
227	D	0.002	0
228	A	0.001	0
229	K	0.001	0
230	D	0.001	0
231	H	0.001	0
232	Y	0.001	0
233	K	0.001	0
234	K	0.000	0
235	D	0.000	0
236	E	0.000	0
237	E	0.000	0
238	N	0.001	0
239	Y	0.001	0
240	Y	0.001	0
241	Q	0.001	0
242	L	0.000	0
243	R	0.000	0
244	E	0.001	0
245	D	0.001	0
246	W	0.000	0
247	W	0.000	0
248	T	0.000	0
249	A	0.000	0
250	N	0.000	0
251	R	0.000	0
252	S	0.000	0
253	T	0.000	0
254	V	0.000	0
255	W	0.000	0
256	K	0.001	0
257	A	0.001	0
258	I	0.000	0
259	T	0.000	0
260	C	0.000	0
261	H	0.001	0
262	A	0.000	0
263	G	0.000	0
264	E	0.001	0
265	S	0.001	0
266	D	0.000	0
267	K	0.000	0
268	Y	0.001	0
269	F	0.001	0
270	R	0.003	0
271	K	0.001	0
272	T	0.000	0
273	C	0.001	0
274	C	0.002	0
275	S	0.001	0
276	G	0.001	0
277	E	0.002	0
278	W	0.001	0
279	T	0.001	0
280	D	0.003	0
281	D	0.001	0
282	K	0.001	0
283	C	0.000	0
284	R	0.002	0
285	C	0.001	0
286	K	0.006	0
287	D	0.002	0
288	E	0.003	0
289	E	0.002	0
290	G	0.002	0
291	K	0.001	0
292	N	0.002	0
293	E	0.001	0
294	T	0.003	0
295	N	0.002	0
296	E	0.001	0
297	V	0.001	0
298	P	0.000	0
299	T	0.001	0
300	Y	0.000	0
301	F	0.001	0
302	D	0.001	0
303	Y	0.000	0
304	V	0.000	0
305	P	0.002	0
306	Q	0.000	0
307	Y	0.000	0
308	L	0.001	0
309	R	0.000	0
310	W	0.000	0
311	F	0.000	0
312	E	0.000	0
313	E	0.001	0
314	W	0.000	0
315	A	0.000	0
316	E	0.000	0
317	D	0.000	0
318	F	0.000	0
319	C	0.000	0
320	R	0.000	0
321	K	0.000	0
322	R	0.001	0
323	K	0.000	0
324	K	0.000	0
325	K	0.000	0
326	I	0.001	0
327	E	0.002	0
328	N	0.001	0
329	A	0.002	0
330	I	0.001	0
331	K	0.000	0
332	N	0.000	0
333	C	0.000	0
334	R	0.000	0
335	G	0.001	0
336	E	0.002	0
337	K	0.001	0
338	G	0.001	0
339	N	0.001	0
340	E	0.000	0
341	R	0.001	0
342	Y	0.001	0
343	C	0.001	0
344	D	0.002	0
345	L	0.001	0
346	N	0.000	0
347	G	0.001	0
348	Y	0.000	0
349	N	0.001	0
350	C	0.001	0
351	E	0.001	0
352	E	0.001	0
353	T	0.001	0
354	A	0.001	0
355	R	0.001	0
356	G	0.000	0
357	A	0.000	0
358	E	0.001	0
359	I	0.001	0
360	F	0.000	0
361	V	0.000	0
362	K	0.001	0
363	G	0.001	0
364	D	0.000	0
365	D	0.001	0
366	C	0.000	0
367	H	0.001	0
368	K	0.001	0
369	C	0.001	0
370	S	0.001	0
371	V	0.001	0
372	A	0.000	0
373	C	0.001	0
374	D	0.001	0
375	R	0.000	0
376	F	0.000	0
377	V	0.001	0
378	K	0.001	0
379	W	0.000	0
380	I	0.000	0
381	D	0.001	0
382	N	0.000	0
383	Q	0.000	0
384	R	0.000	0
385	K	0.000	0
386	E	0.001	0
387	F	0.001	0
388	D	0.001	0
389	K	0.000	0
390	Q	0.001	0
391	K	0.001	0
392	K	0.001	0
393	K	0.002	0
394	Y	0.000	0
395	D	0.002	0
396	E	0.002	0
397	E	0.002	0
398	I	0.000	0
399	N	0.002	0
400	K	0.002	0
401	T	0.004	0
402	H	0.001	0
403	G	0.001	0
404	T	0.002	0
405	T	0.002	0
406	I	0.001	0
407	T	0.005	0
408	T	0.001	0
409	G	0.001	0
410	N	0.001	0
411	G	0.000	0
412	K	0.000	0
413	I	0.000	0
414	N	0.000	0
415	N	0.000	0
416	L	0.000	0
417	Y	0.000	0
418	V	0.000	0
419	G	0.000	0
420	H	0.000	0
421	F	0.000	0
422	Y	0.000	0
423	K	0.000	0
424	I	0.000	0
425	L	0.000	0
426	K	0.000	0
427	K	0.001	0
428	Y	0.000	0
429	Y	0.000	0
430	P	0.001	0
431	T	0.000	0
432	V	0.000	0
433	D	0.002	0
434	K	0.001	0
435	S	0.000	0
436	L	0.001	0
437	Q	0.000	0
438	K	0.000	0
439	L	0.001	0
440	N	0.000	0
441	D	0.000	0
442	E	0.000	0
443	A	0.000	0
444	I	0.001	0
445	C	0.001	0
446	K	0.001	0
447	K	0.001	0
448	P	0.001	0
449	P	0.001	0
450	N	0.000	0
451	V	0.000	0
452	G	0.000	0
453	N	0.001	0
454	E	0.000	0
455	K	0.000	0
456	A	0.001	0
457	S	0.001	0
458	T	0.000	0
459	V	0.000	0
460	D	0.001	0
461	F	0.000	0
462	N	0.000	0
463	N	0.000	0
464	E	0.001	0
465	V	0.000	0
466	N	0.000	0
467	T	0.000	0
468	T	0.000	0
469	F	0.000	0
470	S	0.001	0
471	H	0.000	0
472	T	0.000	0
473	T	0.000	0
474	Y	0.000	0
475	C	0.001	0
476	E	0.000	0
477	A	0.000	0
478	C	0.001	0
479	P	0.000	0
480	W	0.000	0
481	C	0.000	0
482	G	0.000	0
483	A	0.001	0
484	Q	0.000	0
485	K	0.001	0
486	E	0.002	0
487	K	0.001	0
488	N	0.001	0
489	G	0.001	0
490	G	0.000	0
491	G	0.002	0
492	W	0.002	0
493	K	0.002	0
494	A	0.004	0
495	K	0.002	0
496	E	0.001	0
497	K	0.002	0
498	S	0.002	0
499	C	0.002	0
500	A	0.001	0
501	K	0.001	0
502	K	0.002	0
503	K	0.002	0
504	E	0.001	0
505	R	0.002	0
506	I	0.000	0
507	F	0.001	0
508	N	0.000	0
509	K	0.000	0
510	E	0.000	0
511	N	0.000	0
512	S	0.000	0
513	T	0.000	0
514	D	0.000	0
515	I	0.000	0
516	K	0.000	0
517	I	0.001	0
518	L	0.001	0
519	T	0.000	0
520	P	0.001	0
521	E	0.001	0
522	K	0.001	0
523	G	0.001	0
524	R	0.002	0
525	S	0.001	0
526	K	0.000	0
527	T	0.000	0
528	L	0.000	0
529	E	0.001	0
530	K	0.002	0
531	L	0.001	0
532	K	0.001	0
533	T	0.002	0
534	F	0.003	0
535	C	0.001	0
536	K	0.003	0
537	D	0.001	0
538	G	0.001	0
539	Q	0.000	0
540	K	0.000	0
541	I	0.000	0
542	K	0.001	0
543	N	0.000	0
544	D	0.000	0
545	I	0.000	0
546	W	0.000	0
547	K	0.000	0
548	C	0.000	0
549	H	0.000	0
550	Y	0.001	0
551	D	0.001	0
552	D	0.001	0
553	N	0.001	0
554	G	0.001	0
555	T	0.002	0
556	D	0.002	0
557	D	0.001	0
558	Q	0.001	0
559	T	0.004	0
560	D	0.006	0
561	D	0.001	0
562	S	0.001	0
563	N	0.000	0
564	D	0.000	0
565	C	0.000	0
566	V	0.000	0
567	L	0.001	0
568	G	0.000	0
569	D	0.000	0
570	W	0.001	0
571	G	0.000	0
572	N	0.000	0
573	L	0.000	0
574	T	0.000	0
575	K	0.001	0
576	E	0.000	0
577	D	0.000	0
578	K	0.000	0
579	I	0.000	0
580	M	0.000	0
581	S	0.000	0
582	Y	0.000	0
583	N	0.000	0
584	A	0.000	0
585	F	0.000	0
586	F	0.000	0
587	W	0.000	0
588	M	0.000	0
589	W	0.000	0
590	V	0.000	0
591	H	0.000	0
592	D	0.000	0
593	M	0.000	0
594	L	0.000	0
595	I	0.000	0
596	D	0.000	0
597	S	0.000	0
598	I	0.000	0
599	K	0.000	0
600	W	0.010	0
601	R	0.000	0
602	D	0.000	0
603	E	0.000	0
604	H	0.000	0
605	G	0.000	0
606	R	0.000	0
607	C	0.000	0
608	I	0.000	0
609	N	0.000	0
610	K	0.001	0
611	D	0.001	0
612	K	0.000	0
613	G	0.002	0
614	K	0.001	0
615	T	0.002	0
616	C	0.001	0
617	I	0.001	0
618	K	0.002	0
619	G	0.002	0
620	C	0.002	0
621	N	0.001	0
622	K	0.001	0
623	K	0.000	0
624	C	0.001	0
625	I	0.000	0
626	C	0.000	0
627	F	0.000	0
628	Q	0.001	0
629	K	0.000	0
630	W	0.000	0
631	V	0.000	0
632	E	0.000	0
633	Q	0.001	0
634	K	0.000	0
635	K	0.000	0
636	T	0.000	0
637	E	0.000	0
638	W	0.000	0
639	G	0.000	0
640	K	0.000	0
641	I	0.000	0
642	K	0.000	0
643	D	0.000	0
644	H	0.000	0
645	F	0.001	0
646	R	0.001	0
647	K	0.001	0
648	Q	0.000	0
649	K	0.000	0
650	D	0.000	0
651	I	0.000	0
652	P	0.000	0
653	K	0.000	0
654	D	0.000	0
655	W	0.006	0
656	T	0.000	0
657	H	0.000	0
658	D	0.001	0
659	D	0.000	0
660	F	0.004	0
661	L	0.000	0
662	Q	0.000	0
663	T	0.000	0
664	L	0.003	0
665	L	0.000	0
666	M	0.000	0
667	K	0.000	0
668	D	0.000	0
669	L	0.000	0
670	L	0.000	0
671	L	0.000	0
672	E	0.000	0
673	I	0.010	0
674	I	0.000	0
675	Q	0.000	0
676	D	0.000	0
677	T	0.000	0
678	Y	0.000	0
679	G	0.000	0
680	D	0.000	0
681	A	0.000	0
682	N	0.000	0
683	E	0.000	0
684	I	0.000	0
685	K	0.000	0
686	R	0.000	0
687	I	0.012	0
688	E	0.000	0
689	A	0.000	0
690	L	0.004	0
691	L	0.000	0
692	E	0.000	0
693	Q	0.000	0
694	A	0.000	0
695	G	0.000	0
696	V	0.000	0
697	G	0.000	0
698	G	0.000	0
699	I	0.000	0
700	D	0.000	0
701	F	0.000	0
702	A	0.000	0
703	A	0.000	0
704	L	0.000	0
705	A	0.000	0
706	G	0.000	0
707	L	0.000	0
708	Y	0.022	0
709	T	0.000	0
710	K	0.000	0
711	G	0.000	0
712	F	0.000	0
713	V	0.023	0
714	A	0.000	0
715	E	0.001	0
716	K	0.002	0
717	D	0.001	0
718	T	0.001	0
719	T	0.002	0
720	I	0.002	0
721	D	0.001	0
722	K	0.001	0
723	L	0.003	0
724	L	0.001	0
725	Q	0.001	0
726	H	0.001	0
727	E	0.004	0
728	Q	0.001	0
729	K	0.005	0
730	E	0.003	0
731	A	0.002	0
732	D	0.005	0
733	K	0.003	0
734	C	0.010	0
735	L	0.004	0
736	K	0.004	0
737	T	0.024	0
738	H	0.005	0
739	T	0.021	0
740	D	0.025	0
741	D	0.062	0
742	T	0.059	0
743	C	0.116	0
744	P	0.028	0
745	P	0.041	0
746	Q	0.034	0
747	E	0.052	0
748	D	0.062	0
749	R	0.069	0
750	S	0.094	0
751	V	0.102	0
752	A	0.213	0
753	R	0.099	0
754	S	0.150	0
755	E	0.086	0
756	S	0.154	0
757	A	0.144	0
758	T	0.266	0
759	V	0.108	0
760	P	0.174	0
761	S	0.108	0
762	P	0.095	0
763	P	0.150	0
764	A	0.334	0
765	D	0.210	0
766	P	0.087	0
767	K	0.322	0
768	A	0.499	1
769	T	0.421	1
770	E	0.422	1
771	E	0.531	1
772	V	0.415	1
773	D	0.641	1
774	A	0.208	0
775	N	0.656	1
776	A	0.506	1
777	S	0.472	1
778	S	0.633	1
779	D	0.869	1
780	D	0.716	1
781	E	0.618	1
782	D	0.595	1
783	D	0.453	1
784	F	0.647	1
785	E	0.370	0
786	E	0.202	0
787	E	0.174	0
788	E	0.235	0
789	E	0.275	0
790	E	0.189	0
791	E	0.236	0
792	E	0.249	0
793	D	0.345	0
794	E	0.124	0
795	G	0.160	0
796	E	0.172	0
797	E	0.096	0
798	E	0.117	0
799	A	0.246	0
800	E	0.198	0
801	E	0.068	0
802	V	0.119	0
803	Q	0.089	0
804	E	0.152	0
805	E	0.219	0
806	K	0.279	0
807	T	0.421	1
808	D	0.485	1
809	E	0.261	0
810	S	0.274	0
811	A	0.387	1
812	T	0.402	1
813	E	0.169	0
814	A	0.294	0
815	V	0.351	0
816	A	0.282	0
817	P	0.357	0
818	S	0.084	0
819	P	0.127	0
820	P	0.171	0
821	G	0.275	0
822	T	0.358	0
823	T	0.270	0
824	Q	0.225	0
825	D	0.132	0
826	G	0.055	0
827	V	0.082	0
828	K	0.050	0
829	P	0.095	0
830	A	0.040	0
831	S	0.021	0
832	Q	0.051	0
833	E	0.057	0
834	D	0.008	0
835	D	0.007	0
836	V	0.006	0
837	K	0.003	0
838	V	0.006	0
839	C	0.003	0
840	S	0.016	0
841	I	0.008	0
842	V	0.004	0
843	D	0.005	0
844	K	0.001	0
845	A	0.006	0
846	L	0.005	0
847	K	0.004	0
848	G	0.017	0
849	K	0.002	0
850	L	0.002	0
851	D	0.002	0
852	D	0.002	0
853	A	0.004	0
854	C	0.006	0
855	T	0.004	0
856	L	0.001	0
857	K	0.008	0
858	Y	0.010	0
859	G	0.023	0
860	K	0.006	0
861	T	0.004	0
862	A	0.013	0
863	P	0.003	0
864	T	0.001	0
865	S	0.007	0
866	W	0.004	0
867	K	0.008	0
868	C	0.012	0
869	I	0.009	0
870	P	0.012	0
871	S	0.018	0
872	G	0.020	0
873	N	0.003	0
874	N	0.008	0
875	T	0.010	0
876	T	0.010	0
877	T	0.087	0
878	E	0.026	0
879	S	0.045	0
880	T	0.018	0
881	T	0.032	0
882	K	0.019	0
883	P	0.018	0
884	G	0.003	0
885	A	0.013	0
886	A	0.015	0
887	G	0.003	0
888	T	0.021	0
889	P	0.054	0
890	S	0.026	0
891	G	0.023	0
892	K	0.040	0
893	D	0.013	0
894	T	0.038	0
895	G	0.014	0
896	S	0.009	0
897	I	0.015	0
898	C	0.011	0
899	V	0.007	0
900	P	0.007	0
901	P	0.006	0
902	R	0.004	0
903	R	0.002	0
904	R	0.001	0
905	K	0.001	0
906	L	0.002	0
907	Y	0.004	0
908	V	0.010	0
909	G	0.008	0
910	K	0.004	0
911	L	0.004	0
912	H	0.007	0
913	D	0.006	0
914	W	0.009	0
915	A	0.037	0
916	G	0.012	0
917	G	0.012	0
918	E	0.061	0
919	T	0.025	0
920	T	0.036	0
921	E	0.025	0
922	A	0.084	0
923	K	0.014	0
924	S	0.052	0
925	Q	0.043	0
926	E	0.036	0
927	T	0.015	0
928	S	0.068	0
929	G	0.042	0
930	G	0.018	0
931	Q	0.018	0
932	K	0.053	0
933	T	0.017	0
934	P	0.160	0
935	S	0.148	0
936	G	0.049	0
937	N	0.056	0
938	E	0.032	0
939	S	0.021	0
940	S	0.053	0
941	P	0.109	0
942	S	0.017	0
943	E	0.035	0
944	K	0.014	0
945	L	0.015	0
946	P	0.015	0
947	Q	0.006	0
948	G	0.012	0
949	P	0.027	0
950	T	0.010	0
951	P	0.030	0
952	E	0.033	0
953	T	0.023	0
954	T	0.012	0
955	K	0.032	0
956	E	0.019	0
957	T	0.006	0
958	P	0.006	0
959	E	0.010	0
960	S	0.019	0
961	S	0.006	0
962	L	0.005	0
963	L	0.007	0
964	H	0.002	0
965	A	0.002	0
966	F	0.002	0
967	V	0.001	0
968	S	0.002	0
969	P	0.002	0
970	P	0.001	0
971	R	0.000	0
972	L	0.000	0
973	R	0.000	0
974	R	0.000	0
975	F	0.001	0
976	L	0.000	0
977	P	0.001	0
978	W	0.000	0
979	H	0.001	0
980	K	0.002	0
981	F	0.005	0
982	K	0.001	0
983	E	0.002	0
984	Q	0.001	0
985	W	0.001	0
986	K	0.005	0
987	A	0.004	0
988	Q	0.003	0
989	H	0.003	0
990	G	0.005	0
991	A	0.006	0
992	G	0.004	0
993	A	0.006	0
994	T	0.007	0
995	G	0.005	0
996	Q	0.015	0
997	Q	0.014	0
998	T	0.023	0
999	I	0.019	0
1000	I	0.009	0
1001	G	0.005	0
1002	T	0.005	0
1003	L	0.004	0
1004	D	0.005	0
1005	G	0.009	0
1006	G	0.003	0
1007	G	0.005	0
1008	E	0.005	0
1009	E	0.005	0
1010	T	0.009	0
1011	P	0.003	0
1012	D	0.002	0
1013	K	0.001	0
1014	L	0.002	0
1015	L	0.002	0
1016	K	0.005	0
1017	T	0.003	0
1018	G	0.006	0
1019	H	0.002	0
1020	I	0.001	0
1021	P	0.002	0
1022	P	0.000	0
1023	D	0.000	0
1024	F	0.000	0
1025	L	0.000	0
1026	R	0.000	0
1027	Q	0.000	0
1028	M	0.000	0
1029	F	0.000	0
1030	Y	0.000	0
1031	T	0.000	0
1032	L	0.000	0
1033	G	0.000	0
1034	D	0.000	0
1035	Y	0.001	0
1036	R	0.000	0
1037	D	0.000	0
1038	I	0.000	0
1039	L	0.000	0
1040	V	0.000	0
1041	G	0.000	0
1042	N	0.002	0
1043	T	0.004	0
1044	D	0.005	0
1045	I	0.001	0
1046	V	0.003	0
1047	V	0.005	0
1048	H	0.005	0
1049	T	0.006	0
1050	S	0.002	0
1051	G	0.004	0
1052	N	0.004	0
1053	K	0.010	0
1054	E	0.004	0
1055	D	0.002	0
1056	M	0.003	0
1057	Q	0.002	0
1058	I	0.004	0
1059	M	0.001	0
1060	E	0.002	0
1061	A	0.006	0
1062	I	0.007	0
1063	Q	0.003	0
1064	K	0.003	0
1065	K	0.002	0
1066	I	0.004	0
1067	E	0.006	0
1068	Q	0.005	0
1069	I	0.009	0
1070	L	0.005	0
1071	P	0.017	0
1072	T	0.041	0
1073	S	0.080	0
1074	G	0.029	0
1075	S	0.089	0
1076	S	0.067	0
1077	P	0.233	0
1078	S	0.070	0
1079	P	0.085	0
1080	P	0.037	0
1081	R	0.064	0
1082	V	0.026	0
1083	T	0.041	0
1084	Q	0.019	0
1085	T	0.036	0
1086	Q	0.009	0
1087	H	0.018	0
1088	S	0.026	0
1089	V	0.026	0
1090	E	0.031	0
1091	N	0.015	0
1092	P	0.006	0
1093	R	0.004	0
1094	K	0.004	0
1095	T	0.005	0
1096	W	0.001	0
1097	W	0.006	0
1098	N	0.003	0
1099	E	0.007	0
1100	N	0.006	0
1101	G	0.002	0
1102	K	0.001	0
1103	K	0.001	0
1104	I	0.000	0
1105	W	0.000	0
1106	E	0.000	0
1107	G	0.000	0
1108	M	0.000	0
1109	V	0.000	0
1110	C	0.000	0
1111	A	0.000	0
1112	L	0.000	0
1113	T	0.006	0
1114	Y	0.001	0
1115	N	0.005	0
1116	T	0.015	0
1117	D	0.010	0
1118	T	0.052	0
1119	P	0.091	0
1120	S	0.032	0
1121	G	0.010	0
1122	T	0.012	0
1123	A	0.006	0
1124	P	0.007	0
1125	T	0.008	0
1126	Q	0.003	0
1127	I	0.001	0
1128	Q	0.003	0
1129	E	0.003	0
1130	V	0.002	0
1131	R	0.005	0
1132	T	0.007	0
1133	K	0.002	0
1134	L	0.002	0
1135	R	0.004	0
1136	D	0.012	0
1137	E	0.003	0
1138	N	0.008	0
1139	S	0.023	0
1140	K	0.023	0
1141	N	0.038	0
1142	P	0.014	0
1143	K	0.025	0
1144	I	0.045	0
1145	P	0.007	0
1146	Q	0.011	0
1147	Y	0.017	0
1148	K	0.012	0
1149	Y	0.025	0
1150	D	0.007	0
1151	Q	0.016	0
1152	V	0.022	0
1153	K	0.007	0
1154	L	0.027	0
1155	D	0.033	0
1156	D	0.024	0
1157	T	0.023	0
1158	S	0.054	0
1159	D	0.033	0
1160	A	0.010	0
1161	K	0.022	0
1162	T	0.075	0
1163	T	0.054	0
1164	G	0.021	0
1165	S	0.009	0
1166	P	0.034	0
1167	V	0.013	0
1168	P	0.010	0
1169	S	0.033	0
1170	G	0.003	0
1171	E	0.008	0
1172	K	0.008	0
1173	I	0.006	0
1174	T	0.003	0
1175	P	0.003	0
1176	L	0.002	0
1177	T	0.001	0
1178	D	0.000	0
1179	F	0.000	0
1180	I	0.000	0
1181	S	0.000	0
1182	R	0.000	0
1183	P	0.001	0
1184	P	0.000	0
1185	Y	0.000	0
1186	F	0.000	0
1187	R	0.000	0
1188	Y	0.000	0
1189	L	0.000	0
1190	E	0.000	0
1191	E	0.000	0
1192	W	0.000	0
1193	G	0.000	0
1194	E	0.000	0
1195	T	0.000	0
1196	F	0.000	0
1197	C	0.000	0
1198	K	0.000	0
1199	E	0.000	0
1200	R	0.000	0
1201	K	0.000	0
1202	K	0.000	0
1203	R	0.000	0
1204	L	0.000	0
1205	E	0.000	0
1206	K	0.000	0
1207	I	0.000	0
1208	K	0.000	0
1209	E	0.000	0
1210	E	0.000	0
1211	C	0.023	0
1212	R	0.000	0
1213	G	0.000	0
1214	D	0.043	0
1215	R	0.001	0
1216	T	0.000	0
1217	G	0.001	0
1218	H	0.001	0
1219	E	0.000	0
1220	H	0.001	0
1221	C	0.002	0
1222	S	0.002	0
1223	G	0.001	0
1224	D	0.003	0
1225	G	0.002	0
1226	Y	0.001	0
1227	D	0.001	0
1228	C	0.002	0
1229	T	0.001	0
1230	R	0.004	0
1231	T	0.008	0
1232	D	0.002	0
1233	A	0.001	0
1234	D	0.001	0
1235	R	0.000	0
1236	N	0.001	0
1237	D	0.001	0
1238	K	0.001	0
1239	F	0.001	0
1240	V	0.000	0
1241	D	0.002	0
1242	L	0.000	0
1243	N	0.000	0
1244	C	0.000	0
1245	R	0.000	0
1246	D	0.000	0
1247	C	0.002	0
1248	H	0.000	0
1249	I	0.000	0
1250	Q	0.000	0
1251	C	0.000	0
1252	R	0.001	0
1253	K	0.000	0
1254	Y	0.000	0
1255	R	0.000	0
1256	K	0.002	0
1257	W	0.000	0
1258	I	0.000	0
1259	D	0.000	0
1260	I	0.000	0
1261	K	0.000	0
1262	F	0.000	0
1263	D	0.000	0
1264	E	0.012	0
1265	Y	0.000	0
1266	H	0.000	0
1267	K	0.001	0
1268	Q	0.000	0
1269	E	0.000	0
1270	K	0.000	0
1271	K	0.000	0
1272	Y	0.001	0
1273	Q	0.000	0
1274	G	0.001	0
1275	E	0.001	0
1276	Y	0.001	0
1277	D	0.004	0
1278	K	0.003	0
1279	L	0.001	0
1280	T	0.001	0
1281	K	0.003	0
1282	D	0.002	0
1283	K	0.002	0
1284	S	0.001	0
1285	S	0.001	0
1286	G	0.001	0
1287	G	0.001	0
1288	D	0.002	0
1289	N	0.001	0
1290	N	0.001	0
1291	C	0.003	0
1292	C	0.001	0
1293	K	0.001	0
1294	D	0.002	0
1295	I	0.000	0
1296	E	0.000	0
1297	K	0.000	0
1298	H	0.000	0
1299	K	0.000	0
1300	S	0.000	0
1301	A	0.000	0
1302	A	0.000	0
1303	V	0.000	0
1304	F	0.000	0
1305	L	0.001	0
1306	K	0.000	0
1307	E	0.000	0
1308	L	0.000	0
1309	K	0.000	0
1310	H	0.000	0
1311	C	0.000	0
1312	K	0.001	0
1313	N	0.002	0
1314	G	0.003	0
1315	Q	0.006	0
1316	T	0.008	0
1317	S	0.004	0
1318	E	0.003	0
1319	N	0.001	0
1320	K	0.004	0
1321	G	0.001	0
1322	N	0.001	0
1323	Q	0.000	0
1324	E	0.001	0
1325	D	0.001	0
1326	Q	0.001	0
1327	L	0.001	0
1328	N	0.000	0
1329	K	0.000	0
1330	L	0.001	0
1331	D	0.002	0
1332	F	0.003	0
1333	D	0.002	0
1334	K	0.001	0
1335	I	0.000	0
1336	P	0.001	0
1337	Q	0.000	0
1338	T	0.000	0
1339	F	0.000	0
1340	S	0.000	0
1341	P	0.000	0
1342	S	0.000	0
1343	T	0.000	0
1344	Y	0.000	0
1345	C	0.003	0
1346	K	0.000	0
1347	A	0.000	0
1348	C	0.000	0
1349	P	0.000	0
1350	V	0.000	0
1351	Y	0.000	0
1352	G	0.001	0
1353	V	0.000	0
1354	N	0.000	0
1355	C	0.000	0
1356	N	0.000	0
1357	G	0.002	0
1358	N	0.003	0
1359	K	0.001	0
1360	R	0.002	0
1361	G	0.003	0
1362	R	0.006	0
1363	G	0.007	0
1364	G	0.019	0
1365	T	0.033	0
1366	N	0.014	0
1367	G	0.008	0
1368	C	0.005	0
1369	T	0.003	0
1370	T	0.028	0
1371	N	0.011	0
1372	N	0.012	0
1373	E	0.005	0
1374	P	0.009	0
1375	E	0.009	0
1376	N	0.015	0
1377	K	0.023	0
1378	E	0.004	0
1379	N	0.002	0
1380	D	0.003	0
1381	K	0.002	0
1382	G	0.001	0
1383	A	0.005	0
1384	A	0.001	0
1385	S	0.002	0
1386	T	0.002	0
1387	I	0.001	0
1388	S	0.002	0
1389	I	0.002	0
1390	L	0.004	0
1391	I	0.001	0
1392	N	0.001	0
1393	D	0.003	0
1394	G	0.001	0
1395	S	0.001	0
1396	T	0.002	0
1397	N	0.008	0
1398	G	0.003	0
1399	A	0.003	0
1400	T	0.013	0
1401	N	0.018	0
1402	G	0.005	0
1403	T	0.009	0
1404	T	0.012	0
1405	G	0.004	0
1406	T	0.002	0
1407	T	0.001	0
1408	D	0.001	0
1409	E	0.000	0
1410	T	0.000	0
1411	L	0.000	0
1412	K	0.000	0
1413	E	0.000	0
1414	C	0.000	0
1415	S	0.000	0
1416	D	0.000	0
1417	K	0.000	0
1418	Y	0.000	0
1419	A	0.000	0
1420	F	0.000	0
1421	F	0.000	0
1422	K	0.000	0
1423	G	0.000	0
1424	L	0.000	0
1425	R	0.000	0
1426	K	0.000	0
1427	Q	0.000	0
1428	E	0.000	0
1429	W	0.000	0
1430	T	0.000	0
1431	C	0.000	0
1432	Q	0.000	0
1433	K	0.000	0
1434	K	0.000	0
1435	Y	0.000	0
1436	G	0.000	0
1437	V	0.000	0
1438	N	0.000	0
1439	Q	0.000	0
1440	C	0.000	0
1441	N	0.000	0
1442	L	0.000	0
1443	T	0.001	0
1444	N	0.000	0
1445	R	0.000	0
1446	V	0.000	0
1447	N	0.000	0
1448	D	0.000	0
1449	T	0.000	0
1450	Y	0.000	0
1451	F	0.000	0
1452	D	0.000	0
1453	K	0.000	0
1454	D	0.000	0
1455	I	0.000	0
1456	V	0.000	0
1457	F	0.000	0
1458	N	0.000	0
1459	E	0.000	0
1460	F	0.000	0
1461	F	0.000	0
1462	Q	0.000	0
1463	R	0.000	0
1464	W	0.000	0
1465	L	0.000	0
1466	R	0.000	0
1467	Y	0.000	0
1468	F	0.000	0
1469	V	0.000	0
1470	H	0.000	0
1471	D	0.000	0
1472	Y	0.000	0
1473	N	0.000	0
1474	I	0.004	0
1475	L	0.000	0
1476	K	0.000	0
1477	H	0.000	0
1478	K	0.000	0
1479	I	0.000	0
1480	D	0.009	0
1481	P	0.012	0
1482	C	0.004	0
1483	I	0.001	0
1484	K	0.000	0
1485	K	0.001	0
1486	E	0.000	0
1487	K	0.000	0
1488	Q	0.000	0
1489	D	0.000	0
1490	K	0.000	0
1491	T	0.000	0
1492	E	0.000	0
1493	H	0.000	0
1494	K	0.000	0
1495	C	0.000	0
1496	I	0.000	0
1497	N	0.000	0
1498	G	0.000	0
1499	C	0.000	0
1500	N	0.000	0
1501	I	0.000	0
1502	K	0.000	0
1503	C	0.000	0
1504	E	0.000	0
1505	C	0.000	0
1506	V	0.000	0
1507	R	0.000	0
1508	K	0.001	0
1509	W	0.000	0
1510	L	0.000	0
1511	E	0.000	0
1512	I	0.000	0
1513	K	0.000	0
1514	G	0.000	0
1515	N	0.000	0
1516	E	0.000	0
1517	W	0.000	0
1518	G	0.000	0
1519	N	0.000	0
1520	I	0.000	0
1521	K	0.000	0
1522	K	0.000	0
1523	H	0.000	0
1524	Y	0.000	0
1525	N	0.000	0
1526	I	0.000	0
1527	N	0.000	0
1528	S	0.000	0
1529	N	0.000	0
1530	D	0.000	0
1531	D	0.001	0
1532	K	0.000	0
1533	E	0.001	0
1534	T	0.000	0
1535	I	0.000	0
1536	A	0.163	0
1537	Y	0.000	0
1538	N	0.000	0
1539	V	0.000	0
1540	K	0.008	0
1541	S	0.000	0
1542	Y	0.014	0
1543	F	0.000	0
1544	V	0.007	0
1545	D	0.000	0
1546	Q	0.000	0
1547	G	0.000	0
1548	L	0.000	0
1549	F	0.000	0
1550	D	0.000	0
1551	T	0.000	0
1552	D	0.000	0
1553	Y	0.000	0
1554	K	0.000	0
1555	K	0.000	0
1556	A	0.000	0
1557	Q	0.000	0
1558	K	0.000	0
1559	V	0.000	0
1560	V	0.000	0
1561	E	0.000	0
1562	D	0.000	0
1563	E	0.000	0
1564	K	0.000	0
1565	E	0.000	0
1566	R	0.000	0
1567	K	0.000	0
1568	K	0.000	0
1569	I	0.000	0
1570	W	0.006	0
1571	G	0.000	0
1572	C	0.000	0
1573	T	0.000	0
1574	G	0.000	0
1575	H	0.000	0
1576	D	0.000	0
1577	E	0.000	0
1578	C	0.000	0
1579	S	0.001	0
1580	E	0.000	0
1581	K	0.001	0
1582	E	0.000	0
1583	K	0.001	0
1584	E	0.001	0
1585	E	0.000	0
1586	N	0.001	0
1587	K	0.001	0
1588	N	0.002	0
1589	F	0.000	0
1590	I	0.000	0
1591	T	0.001	0
1592	N	0.000	0
1593	L	0.002	0
1594	I	0.001	0
1595	S	0.000	0
1596	E	0.001	0
1597	L	0.002	0
1598	Q	0.001	0
1599	D	0.001	0
1600	K	0.003	0
1601	I	0.002	0
1602	T	0.003	0
1603	S	0.005	0
1604	C	0.012	0
1605	Q	0.003	0
1606	N	0.062	0
1607	K	0.013	0
1608	H	0.063	0
1609	N	0.028	0
1610	P	0.089	0
1611	N	0.062	0
1612	G	0.084	0
1613	K	0.022	0
1614	T	0.123	0
1615	A	0.047	0
1616	C	0.046	0
1617	D	0.021	0
1618	P	0.055	0
1619	F	0.018	0
1620	P	0.026	0
1621	S	0.074	0
1622	P	0.053	0
1623	T	0.098	0
1624	P	0.037	0
1625	E	0.062	0
1626	E	0.096	0
1627	T	0.085	0
1628	D	0.055	0
1629	P	0.069	0
1630	L	0.058	0
1631	D	0.041	0
1632	D	0.047	0
1633	D	0.197	0
1634	T	0.152	0
1635	P	0.144	0
1636	D	0.027	0
1637	P	0.092	0
1638	L	0.194	0
1639	D	0.179	0
1640	D	0.120	0
1641	D	0.038	0
1642	Q	0.035	0
1643	H	0.067	0
1644	T	0.062	0
1645	E	0.054	0
1646	Q	0.040	0
1647	P	0.043	0
1648	K	0.024	0
1649	F	0.035	0
1650	C	0.044	0
1651	P	0.015	0
1652	P	0.029	0
1653	P	0.015	0
1654	P	0.017	0
1655	P	0.024	0
1656	P	0.018	0
1657	M	0.012	0
1658	T	0.011	0
1659	C	0.006	0
1660	V	0.007	0
1661	E	0.005	0
1662	K	0.006	0
1663	I	0.005	0
1664	A	0.002	0
1665	K	0.001	0
1666	E	0.005	0
1667	L	0.000	0
1668	R	0.000	0
1669	V	0.002	0
1670	E	0.002	0
1671	A	0.003	0
1672	E	0.001	0
1673	G	0.006	0
1674	K	0.004	0
1675	I	0.005	0
1676	N	0.005	0
1677	N	0.003	0
1678	E	0.006	0
1679	L	0.004	0
1680	K	0.006	0
1681	G	0.007	0
1682	N	0.013	0
1683	G	0.003	0
1684	K	0.004	0
1685	D	0.002	0
1686	F	0.003	0
1687	N	0.007	0
1688	G	0.001	0
1689	K	0.002	0
1690	C	0.003	0
1691	N	0.002	0
1692	N	0.001	0
1693	V	0.003	0
1694	K	0.001	0
1695	K	0.005	0
1696	K	0.003	0
1697	N	0.001	0
1698	G	0.001	0
1699	A	0.000	0
1700	V	0.000	0
1701	I	0.000	0
1702	G	0.000	0
1703	E	0.000	0
1704	E	0.000	0
1705	S	0.000	0
1706	C	0.000	0
1707	K	0.000	0
1708	F	0.000	0
1709	E	0.000	0
1710	Q	0.000	0
1711	T	0.000	0
1712	Y	0.000	0
1713	E	0.000	0
1714	N	0.000	0
1715	S	0.000	0
1716	V	0.001	0
1717	N	0.002	0
1718	N	0.008	0
1719	I	0.001	0
1720	N	0.002	0
1721	N	0.001	0
1722	K	0.001	0
1723	C	0.001	0
1724	K	0.001	0
1725	D	0.001	0
1726	N	0.002	0
1727	Q	0.001	0
1728	N	0.001	0
1729	E	0.000	0
1730	R	0.000	0
1731	F	0.002	0
1732	K	0.001	0
1733	I	0.000	0
1734	G	0.000	0
1735	Q	0.000	0
1736	K	0.000	0
1737	W	0.000	0
1738	N	0.000	0
1739	F	0.000	0
1740	K	0.000	0
1741	Y	0.002	0
1742	I	0.001	0
1743	G	0.001	0
1744	T	0.000	0
1745	I	0.000	0
1746	R	0.000	0
1747	K	0.000	0
1748	D	0.000	0
1749	L	0.000	0
1750	C	0.000	0
1751	I	0.000	0
1752	P	0.000	0
1753	P	0.000	0
1754	R	0.000	0
1755	R	0.000	0
1756	E	0.000	0
1757	H	0.000	0
1758	M	0.000	0
1759	C	0.000	0
1760	L	0.000	0
1761	D	0.000	0
1762	D	0.000	0
1763	L	0.000	0
1764	S	0.000	0
1765	M	0.000	0
1766	L	0.000	0
1767	G	0.000	0
1768	R	0.000	0
1769	T	0.001	0
1770	T	0.001	0
1771	I	0.001	0
1772	S	0.001	0
1773	D	0.001	0
1774	S	0.000	0
1775	S	0.001	0
1776	A	0.000	0
1777	L	0.001	0
1778	L	0.000	0
1779	K	0.000	0
1780	K	0.000	0
1781	I	0.000	0
1782	Q	0.000	0
1783	E	0.000	0
1784	A	0.000	0
1785	A	0.000	0
1786	K	0.000	0
1787	S	0.000	0
1788	E	0.000	0
1789	R	0.001	0
1790	D	0.000	0
1791	D	0.000	0
1792	I	0.000	0
1793	I	0.000	0
1794	R	0.000	0
1795	K	0.000	0
1796	L	0.000	0
1797	L	0.000	0
1798	E	0.000	0
1799	Q	0.000	0
1800	N	0.000	0
1801	S	0.000	0
1802	C	0.000	0
1803	D	0.000	0
1804	E	0.000	0
1805	H	0.000	0
1806	R	0.000	0
1807	I	0.000	0
1808	C	0.000	0
1809	D	0.000	0
1810	A	0.000	0
1811	M	0.000	0
1812	K	0.000	0
1813	Y	0.000	0
1814	S	0.000	0
1815	F	0.000	0
1816	A	0.000	0
1817	D	0.000	0
1818	L	0.000	0
1819	G	0.000	0
1820	D	0.000	0
1821	I	0.000	0
1822	I	0.000	0
1823	R	0.000	0
1824	G	0.000	0
1825	R	0.000	0
1826	D	0.000	0
1827	L	0.000	0
1828	W	0.000	0
1829	N	0.001	0
1830	K	0.001	0
1831	N	0.000	0
1832	S	0.000	0
1833	K	0.000	0
1834	Q	0.000	0
1835	K	0.000	0
1836	G	0.000	0
1837	L	0.000	0
1838	Q	0.000	0
1839	K	0.000	0
1840	R	0.000	0
1841	L	0.000	0
1842	E	0.000	0
1843	Y	0.000	0
1844	A	0.005	0
1845	F	0.000	0
1846	I	0.000	0
1847	N	0.000	0
1848	I	0.000	0
1849	Y	0.000	0
1850	N	0.001	0
1851	K	0.001	0
1852	L	0.001	0
1853	Q	0.000	0
1854	N	0.000	0
1855	D	0.001	0
1856	K	0.001	0
1857	N	0.002	0
1858	K	0.000	0
1859	Y	0.001	0
1860	E	0.001	0
1861	K	0.000	0
1862	D	0.000	0
1863	R	0.000	0
1864	P	0.000	0
1865	K	0.000	0
1866	Y	0.000	0
1867	L	0.000	0
1868	Q	0.000	0
1869	L	0.000	0
1870	R	0.000	0
1871	S	0.000	0
1872	D	0.000	0
1873	W	0.005	0
1874	W	0.000	0
1875	D	0.000	0
1876	A	0.000	0
1877	N	0.000	0
1878	R	0.000	0
1879	K	0.000	0
1880	H	0.000	0
1881	I	0.000	0
1882	W	0.000	0
1883	N	0.000	0
1884	A	0.000	0
1885	M	0.004	0
1886	T	0.000	0
1887	C	0.000	0
1888	N	0.000	0
1889	A	0.000	0
1890	P	0.000	0
1891	D	0.001	0
1892	D	0.000	0
1893	A	0.000	0
1894	K	0.001	0
1895	F	0.001	0
1896	L	0.001	0
1897	K	0.001	0
1898	K	0.002	0
1899	N	0.004	0
1900	P	0.001	0
1901	N	0.001	0
1902	D	0.001	0
1903	T	0.001	0
1904	S	0.002	0
1905	G	0.002	0
1906	S	0.001	0
1907	S	0.003	0
1908	S	0.002	0
1909	S	0.002	0
1910	K	0.002	0
1911	G	0.001	0
1912	I	0.001	0
1913	M	0.003	0
1914	T	0.002	0
1915	T	0.002	0
1916	H	0.001	0
1917	S	0.001	0
1918	N	0.001	0
1919	C	0.001	0
1920	G	0.000	0
1921	Y	0.001	0
1922	D	0.001	0
1923	K	0.002	0
1924	E	0.001	0
1925	P	0.000	0
1926	P	0.001	0
1927	D	0.000	0
1928	Y	0.000	0
1929	D	0.000	0
1930	Y	0.000	0
1931	I	0.000	0
1932	P	0.000	0
1933	Q	0.000	0
1934	P	0.000	0
1935	F	0.000	0
1936	R	0.001	0
1937	W	0.000	0
1938	M	0.000	0
1939	Q	0.000	0
1940	E	0.000	0
1941	W	0.000	0
1942	S	0.000	0
1943	E	0.000	0
1944	S	0.000	0
1945	F	0.000	0
1946	C	0.000	0
1947	K	0.000	0
1948	L	0.000	0
1949	L	0.000	0
1950	N	0.000	0
1951	E	0.004	0
1952	E	0.000	0
1953	M	0.000	0
1954	E	0.000	0
1955	Q	0.000	0
1956	F	0.000	0
1957	E	0.001	0
1958	K	0.022	0
1959	T	0.000	0
1960	C	0.000	0
1961	G	0.000	0
1962	E	0.000	0
1963	C	0.001	0
1964	K	0.000	0
1965	K	0.001	0
1966	N	0.001	0
1967	S	0.001	0
1968	I	0.000	0
1969	T	0.000	0
1970	C	0.001	0
1971	E	0.001	0
1972	D	0.000	0
1973	D	0.000	0
1974	R	0.001	0
1975	N	0.000	0
1976	G	0.000	0
1977	T	0.000	0
1978	N	0.000	0
1979	C	0.000	0
1980	E	0.000	0
1981	N	0.000	0
1982	C	0.000	0
1983	K	0.000	0
1984	N	0.000	0
1985	Q	0.000	0
1986	C	0.000	0
1987	E	0.000	0
1988	K	0.000	0
1989	Y	0.000	0
1990	K	0.000	0
1991	K	0.000	0
1992	L	0.000	0
1993	I	0.000	0
1994	H	0.000	0
1995	N	0.000	0
1996	W	0.000	0
1997	K	0.000	0
1998	L	0.000	0
1999	G	0.000	0
2000	F	0.000	0
2001	D	0.000	0
2002	K	0.000	0
2003	Y	0.000	0
2004	K	0.000	0
2005	E	0.000	0
2006	I	0.000	0
2007	Y	0.000	0
2008	N	0.000	0
2009	E	0.000	0
2010	I	0.000	0
2011	Y	0.000	0
2012	N	0.000	0
2013	N	0.001	0
2014	K	0.000	0
2015	D	0.000	0
2016	S	0.001	0
2017	K	0.000	0
2018	I	0.000	0
2019	N	0.000	0
2020	S	0.000	0
2021	N	0.000	0
2022	E	0.000	0
2023	Y	0.000	0
2024	F	0.008	0
2025	K	0.000	0
2026	K	0.000	0
2027	F	0.014	0
2028	L	0.000	0
2029	E	0.000	0
2030	K	0.000	0
2031	L	0.000	0
2032	K	0.000	0
2033	D	0.000	0
2034	K	0.001	0
2035	C	0.000	0
2036	K	0.000	0
2037	E	0.001	0
2038	L	0.002	0
2039	N	0.000	0
2040	S	0.000	0
2041	S	0.000	0
2042	D	0.000	0
2043	K	0.000	0
2044	C	0.000	0
2045	I	0.000	0
2046	D	0.000	0
2047	E	0.001	0
2048	A	0.000	0
2049	T	0.000	0
2050	H	0.000	0
2051	C	0.000	0
2052	T	0.001	0
2053	K	0.001	0
2054	Y	0.002	0
2055	K	0.001	0
2056	F	0.005	0
2057	S	0.004	0
2058	N	0.006	0
2059	S	0.006	0
2060	E	0.002	0
2061	N	0.002	0
2062	K	0.005	0
2063	N	0.002	0
2064	H	0.010	0
2065	N	0.004	0
2066	N	0.003	0
2067	Y	0.005	0
2068	A	0.004	0
2069	F	0.014	0
2070	K	0.008	0
2071	N	0.004	0
2072	P	0.003	0
2073	P	0.001	0
2074	K	0.002	0
2075	E	0.006	0
2076	Y	0.002	0
2077	E	0.008	0
2078	K	0.003	0
2079	A	0.001	0
2080	C	0.003	0
2081	K	0.001	0
2082	C	0.001	0
2083	D	0.010	0
2084	A	0.002	0
2085	P	0.005	0
2086	D	0.002	0
2087	P	0.002	0
2088	L	0.003	0
2089	D	0.003	0
2090	N	0.008	0
2091	C	0.001	0
2092	P	0.009	0
2093	K	0.004	0
2094	D	0.002	0
2095	S	0.007	0
2096	A	0.002	0
2097	T	0.005	0
2098	Y	0.004	0
2099	E	0.001	0
2100	K	0.001	0
2101	A	0.002	0
2102	C	0.002	0
2103	N	0.001	0
2104	T	0.001	0
2105	L	0.001	0
2106	L	0.005	0
2107	P	0.002	0
2108	T	0.002	0
2109	K	0.001	0
2110	L	0.002	0
2111	C	0.002	0
2112	E	0.002	0
2113	S	0.003	0
2114	K	0.006	0
2115	T	0.002	0
2116	F	0.010	0
2117	N	0.012	0
2118	N	0.007	0
2119	D	0.010	0
2120	D	0.009	0
2121	D	0.003	0
2122	S	0.003	0
2123	W	0.002	0
2124	D	0.002	0
2125	T	0.001	0
2126	S	0.003	0
2127	F	0.002	0
2128	V	0.002	0
2129	Q	0.005	0
2130	T	0.002	0
2131	S	0.003	0
2132	P	0.004	0
2133	R	0.004	0
2134	D	0.009	0
2135	N	0.001	0
2136	T	0.002	0
2137	G	0.004	0
2138	V	0.001	0
2139	L	0.002	0
2140	V	0.000	0
2141	P	0.001	0
2142	P	0.000	0
2143	R	0.000	0
2144	R	0.000	0
2145	R	0.001	0
2146	Q	0.000	0
2147	I	0.000	0
2148	C	0.000	0
2149	L	0.000	0
2150	K	0.000	0
2151	N	0.000	0
2152	I	0.000	0
2153	T	0.000	0
2154	T	0.000	0
2155	K	0.000	0
2156	L	0.000	0
2157	R	0.000	0
2158	S	0.000	0
2159	I	0.002	0
2160	E	0.001	0
2161	K	0.000	0
2162	I	0.000	0
2163	D	0.000	0
2164	D	0.000	0
2165	F	0.000	0
2166	K	0.000	0
2167	A	0.000	0
2168	E	0.000	0
2169	L	0.000	0
2170	M	0.000	0
2171	T	0.000	0
2172	S	0.000	0
2173	A	0.000	0
2174	Y	0.000	0
2175	N	0.000	0
2176	E	0.000	0
2177	G	0.000	0
2178	K	0.000	0
2179	L	0.000	0
2180	L	0.000	0
2181	C	0.000	0
2182	E	0.000	0
2183	L	0.000	0
2184	Y	0.001	0
2185	K	0.000	0
2186	K	0.001	0
2187	D	0.000	0
2188	R	0.000	0
2189	D	0.000	0
2190	V	0.000	0
2191	T	0.000	0
2192	L	0.000	0
2193	Q	0.000	0
2194	A	0.000	0
2195	M	0.000	0
2196	K	0.000	0
2197	Y	0.000	0
2198	S	0.000	0
2199	F	0.000	0
2200	Y	0.000	0
2201	D	0.000	0
2202	Y	0.000	0
2203	G	0.001	0
2204	D	0.000	0
2205	I	0.000	0
2206	V	0.000	0
2207	K	0.000	0
2208	G	0.002	0
2209	T	0.001	0
2210	D	0.000	0
2211	L	0.001	0
2212	I	0.001	0
2213	S	0.002	0
2214	T	0.001	0
2215	A	0.001	0
2216	P	0.000	0
2217	L	0.001	0
2218	D	0.001	0
2219	K	0.000	0
2220	L	0.000	0
2221	K	0.000	0
2222	T	0.001	0
2223	K	0.000	0
2224	L	0.000	0
2225	N	0.000	0
2226	V	0.001	0
2227	L	0.000	0
2228	L	0.000	0
2229	K	0.000	0
2230	G	0.000	0
2231	D	0.001	0
2232	G	0.000	0
2233	T	0.000	0
2234	N	0.000	0
2235	E	0.000	0
2236	I	0.000	0
2237	K	0.000	0
2238	E	0.000	0
2239	D	0.000	0
2240	R	0.000	0
2241	G	0.000	0
2242	K	0.001	0
2243	W	0.004	0
2244	W	0.000	0
2245	T	0.001	0
2246	E	0.000	0
2247	N	0.000	0
2248	R	0.000	0
2249	T	0.000	0
2250	R	0.000	0
2251	V	0.000	0
2252	W	0.000	0
2253	H	0.000	0
2254	A	0.000	0
2255	M	0.000	0
2256	L	0.000	0
2257	C	0.000	0
2258	G	0.000	0
2259	Y	0.000	0
2260	K	0.000	0
2261	A	0.000	0
2262	A	0.000	0
2263	G	0.000	0
2264	G	0.000	0
2265	K	0.000	0
2266	I	0.000	0
2267	E	0.000	0
2268	E	0.002	0
2269	R	0.000	0
2270	D	0.000	0
2271	C	0.000	0
2272	S	0.000	0
2273	L	0.000	0
2274	P	0.000	0
2275	D	0.000	0
2276	D	0.000	0
2277	N	0.000	0
2278	T	0.000	0
2279	H	0.000	0
2280	Q	0.000	0
2281	F	0.000	0
2282	L	0.000	0
2283	R	0.000	0
2284	W	0.000	0
2285	F	0.000	0
2286	R	0.000	0
2287	E	0.000	0
2288	W	0.000	0
2289	S	0.000	0
2290	E	0.000	0
2291	H	0.000	0
2292	F	0.000	0
2293	C	0.000	0
2294	A	0.000	0
2295	K	0.000	0
2296	R	0.000	0
2297	Q	0.000	0
2298	K	0.006	0
2299	L	0.000	0
2300	F	0.000	0
2301	N	0.000	0
2302	E	0.000	0
2303	V	0.000	0
2304	K	0.000	0
2305	R	0.000	0
2306	E	0.000	0
2307	C	0.000	0
2308	A	0.001	0
2309	S	0.000	0
2310	A	0.000	0
2311	Q	0.000	0
2312	C	0.000	0
2313	I	0.000	0
2314	I	0.000	0
2315	E	0.000	0
2316	Y	0.000	0
2317	G	0.000	0
2318	T	0.000	0
2319	I	0.000	0
2320	D	0.000	0
2321	P	0.000	0
2322	P	0.000	0
2323	V	0.000	0
2324	C	0.000	0
2325	E	0.000	0
2326	E	0.000	0
2327	A	0.000	0
2328	C	0.000	0
2329	T	0.000	0
2330	Q	0.000	0
2331	Y	0.000	0
2332	R	0.000	0
2333	D	0.000	0
2334	Y	0.000	0
2335	I	0.000	0
2336	T	0.000	0
2337	R	0.000	0
2338	K	0.000	0
2339	I	0.000	0
2340	Q	0.000	0
2341	E	0.000	0
2342	Y	0.000	0
2343	R	0.000	0
2344	L	0.000	0
2345	L	0.000	0
2346	N	0.001	0
2347	Y	0.000	0
2348	Q	0.000	0
2349	Y	0.000	0
2350	N	0.001	0
2351	T	0.001	0
2352	N	0.000	0
2353	F	0.000	0
2354	N	0.000	0
2355	E	0.000	0
2356	K	0.000	0
2357	K	0.000	0
2358	A	0.000	0
2359	E	0.000	0
2360	V	0.000	0
2361	T	0.000	0
2362	K	0.001	0
2363	A	0.000	0
2364	P	0.001	0
2365	E	0.000	0
2366	Y	0.000	0
2367	F	0.001	0
2368	N	0.000	0
2369	D	0.000	0
2370	K	0.000	0
2371	C	0.000	0
2372	N	0.001	0
2373	D	0.000	0
2374	K	0.000	0
2375	C	0.000	0
2376	N	0.000	0
2377	C	0.000	0
2378	L	0.000	0
2379	S	0.000	0
2380	K	0.000	0
2381	Y	0.000	0
2382	I	0.001	0
2383	D	0.000	0
2384	I	0.000	0
2385	E	0.000	0
2386	K	0.000	0
2387	K	0.000	0
2388	W	0.000	0
2389	K	0.000	0
2390	N	0.000	0
2391	M	0.001	0
2392	Y	0.000	0
2393	D	0.001	0
2394	S	0.002	0
2395	F	0.002	0
2396	D	0.001	0
2397	D	0.001	0
2398	N	0.000	0
2399	D	0.001	0
2400	L	0.001	0
2401	K	0.002	0
2402	N	0.001	0
2403	K	0.001	0
2404	C	0.001	0
2405	I	0.002	0
2406	C	0.000	0
2407	R	0.002	0
2408	Q	0.003	0
2409	I	0.003	0
2410	K	0.003	0
2411	P	0.005	0
2412	K	0.008	0
2413	R	0.005	0
2414	P	0.002	0
2415	P	0.003	0
2416	K	0.005	0
2417	K	0.010	0
2418	V	0.003	0
2419	K	0.009	0
2420	P	0.013	0
2421	E	0.007	0
2422	E	0.007	0
2423	E	0.016	0
2424	H	0.009	0
2425	T	0.017	0
2426	P	0.010	0
2427	S	0.020	0
2428	E	0.015	0
2429	Q	0.003	0
2430	D	0.017	0
2431	T	0.013	0
2432	P	0.026	0
2433	P	0.008	0
2434	P	0.023	0
2435	L	0.009	0
2436	P	0.014	0
2437	P	0.038	0
2438	K	0.031	0
2439	P	0.021	0
2440	D	0.017	0
2441	D	0.008	0
2442	L	0.009	0
2443	P	0.008	0
2444	P	0.012	0
2445	P	0.016	0
2446	A	0.024	0
2447	E	0.004	0
2448	E	0.001	0
2449	P	0.001	0
2450	F	0.001	0
2451	N	0.001	0
2452	R	0.001	0
2453	D	0.000	0
2454	I	0.000	0
2455	L	0.000	0
2456	E	0.000	0
2457	K	0.000	0
2458	T	0.000	0
2459	I	0.000	0
2460	P	0.000	0
2461	F	0.000	0
2462	G	0.000	0
2463	I	0.000	0
2464	A	0.000	0
2465	L	0.000	0
2466	A	0.000	0
2467	L	0.000	0
2468	G	0.000	0
2469	S	0.000	0
2470	I	0.000	0
2471	A	0.000	0
2472	F	0.000	0
2473	L	0.000	0
2474	F	0.000	0
2475	L	0.000	0
2476	K	0.000	0
2477	K	0.000	0
2478	K	0.000	0
2479	T	0.000	0
2480	K	0.000	0
2481	S	0.000	0
2482	S	0.000	0
2483	V	0.000	0
2484	G	0.000	0
2485	N	0.000	0
2486	L	0.000	0
2487	F	0.000	0
2488	Q	0.000	0
2489	I	0.000	0
2490	L	0.000	0
2491	H	0.000	0
2492	I	0.000	0
2493	P	0.000	0
2494	K	0.000	0
2495	S	0.000	0
2496	D	0.000	0
2497	Y	0.000	0
2498	D	0.003	0
2499	I	0.002	0
2500	P	0.001	0
2501	T	0.000	0
2502	K	0.000	0
2503	L	0.000	0
2504	S	0.000	0
2505	P	0.000	0
2506	N	0.000	0
2507	R	0.000	0
2508	Y	0.000	0
2509	I	0.000	0
2510	P	0.000	0
2511	Y	0.001	0
2512	T	0.000	0
2513	S	0.000	0
2514	G	0.000	0
2515	K	0.000	0
2516	Y	0.000	0
2517	R	0.000	0
2518	G	0.000	0
2519	K	0.000	0
2520	R	0.000	0
2521	Y	0.000	0
2522	I	0.000	0
2523	Y	0.000	0
2524	L	0.000	0
2525	E	0.000	0
2526	G	0.000	0
2527	D	0.000	0
2528	S	0.002	0
2529	G	0.002	0
2530	T	0.003	0
2531	D	0.002	0
2532	S	0.003	0
2533	G	0.003	0
2534	Y	0.005	0
2535	T	0.003	0
2536	D	0.002	0
2537	H	0.003	0
2538	Y	0.004	0
2539	S	0.002	0
2540	D	0.009	0
2541	I	0.002	0
2542	T	0.008	0
2543	S	0.002	0
2544	S	0.002	0
2545	S	0.001	0
2546	E	0.001	0
2547	S	0.001	0
2548	E	0.001	0
2549	Y	0.005	0
2550	E	0.002	0
2551	E	0.004	0
2552	L	0.000	0
2553	D	0.000	0
2554	I	0.002	0
2555	N	0.001	0
2556	D	0.003	0
2557	I	0.001	0
2558	Y	0.013	0
2559	V	0.003	0
2560	P	0.028	0
2561	G	0.012	0
2562	S	0.018	0
2563	P	0.002	0
2564	K	0.001	0
2565	Y	0.003	0
2566	K	0.001	0
2567	T	0.001	0
2568	L	0.001	0
2569	I	0.003	0
2570	E	0.002	0
2571	V	0.001	0
2572	V	0.001	0
2573	L	0.009	0
2574	E	0.019	0
2575	P	0.007	0
2576	S	0.032	0
2577	G	0.038	0
2578	N	0.022	0
2579	N	0.027	0
2580	T	0.011	0
2581	T	0.012	0
2582	A	0.029	0
2583	S	0.018	0
2584	G	0.047	0
2585	K	0.022	0
2586	N	0.016	0
2587	T	0.018	0
2588	P	0.022	0
2589	S	0.033	0
2590	D	0.028	0
2591	T	0.010	0
2592	Q	0.007	0
2593	N	0.003	0
2594	D	0.011	0
2595	I	0.009	0
2596	Q	0.013	0
2597	N	0.006	0
2598	D	0.023	0
2599	G	0.109	0
2600	I	0.055	0
2601	P	0.065	0
2602	S	0.045	0
2603	S	0.018	0
2604	K	0.109	0
2605	I	0.055	0
2606	T	0.026	0
2607	D	0.005	0
2608	N	0.021	0
2609	E	0.028	0
2610	W	0.041	0
2611	N	0.029	0
2612	T	0.036	0
2613	L	0.014	0
2614	K	0.001	0
2615	D	0.001	0
2616	E	0.003	0
2617	F	0.008	0
2618	I	0.003	0
2619	S	0.011	0
2620	N	0.000	0
2621	M	0.001	0
2622	L	0.005	0
2623	Q	0.006	0
2624	N	0.016	0
2625	E	0.010	0
2626	P	0.004	0
2627	N	0.008	0
2628	T	0.011	0
2629	E	0.020	0
2630	P	0.009	0
2631	N	0.001	0
2632	M	0.005	0
2633	L	0.002	0
2634	G	0.012	0
2635	Y	0.008	0
2636	N	0.006	0
2637	V	0.010	0
2638	D	0.012	0
2639	N	0.013	0
2640	N	0.014	0
2641	T	0.005	0
2642	H	0.007	0
2643	P	0.007	0
2644	T	0.007	0
2645	T	0.006	0
2646	S	0.004	0
2647	R	0.006	0
2648	H	0.005	0
2649	N	0.001	0
2650	V	0.003	0
2651	E	0.009	0
2652	E	0.006	0
2653	K	0.006	0
2654	P	0.002	0
2655	F	0.000	0
2656	I	0.003	0
2657	M	0.001	0
2658	S	0.001	0
2659	I	0.000	0
2660	H	0.000	0
2661	D	0.001	0
2662	R	0.000	0
2663	D	0.000	0
2664	L	0.000	0
2665	Y	0.000	0
2666	S	0.000	0
2667	G	0.000	0
2668	E	0.000	0
2669	E	0.000	0
2670	Y	0.000	0
2671	S	0.000	0
2672	Y	0.001	0
2673	N	0.000	0
2674	V	0.000	0
2675	N	0.000	0
2676	M	0.000	0
2677	V	0.000	0
2678	N	0.001	0
2679	N	0.001	0
2680	D	0.004	0
2681	I	0.007	0
2682	P	0.005	0
2683	I	0.000	0
2684	S	0.000	0
2685	A	0.000	0
2686	R	0.000	0
2687	N	0.000	0
2688	G	0.000	0
2689	N	0.001	0
2690	Y	0.004	0
2691	S	0.002	0
2692	G	0.003	0
2693	I	0.000	0
2694	D	0.004	0
2695	L	0.005	0
2696	I	0.002	0
2697	N	0.002	0
2698	D	0.000	0
2699	S	0.000	0
2700	L	0.000	0
2701	N	0.000	0
2702	S	0.000	0
2703	N	0.000	0
2704	K	0.003	0
2705	V	0.001	0
2706	D	0.008	0
2707	I	0.006	0
2708	Y	0.003	0
2709	D	0.000	0
2710	E	0.090	0
2711	L	0.014	0
2712	L	0.015	0
2713	K	0.034	0
2714	R	0.000	0
2715	K	0.000	0
2716	E	0.000	0
2717	N	0.000	0
2718	E	0.019	0
2719	L	0.035	0
2720	F	0.000	0
2721	G	0.000	0
2722	T	0.000	0
2723	N	0.001	0
2724	H	0.001	0
2725	T	0.000	0
2726	K	0.001	0
2727	K	0.003	0
2728	N	0.001	0
2729	T	0.003	0
2730	S	0.003	0
2731	T	0.006	0
2732	N	0.004	0
2733	S	0.002	0
2734	V	0.004	0
2735	A	0.005	0
2736	K	0.004	0
2737	N	0.001	0
2738	T	0.001	0
2739	N	0.002	0
2740	T	0.002	0
2741	D	0.001	0
2742	P	0.001	0
2743	I	0.001	0
2744	H	0.001	0
2745	N	0.065	0
2746	Q	0.000	0
2747	L	0.000	0
2748	N	0.000	0
2749	L	0.000	0
2750	F	0.000	0
2751	H	0.000	0
2752	T	0.002	0
2753	W	0.105	0
2754	L	0.000	0
2755	D	0.000	0
2756	R	0.001	0
2757	H	0.000	0
2758	R	0.000	0
2759	D	0.000	0
2760	M	0.000	0
2761	C	0.000	0
2762	E	0.001	0
2763	K	0.000	0
2764	W	0.001	0
2765	D	0.000	0
2766	T	0.001	0
2767	N	0.001	0
2768	N	0.001	0
2769	K	0.000	0
2770	K	0.000	0
2771	E	0.002	0
2772	E	0.000	0
2773	L	0.000	0
2774	L	0.000	0
2775	D	0.007	0
2776	K	0.000	0
2777	L	0.000	0
2778	K	0.008	0
2779	E	0.000	0
2780	E	0.000	0
2781	W	0.001	0
2782	N	0.001	0
2783	K	0.039	0
2784	D	0.001	0
2785	N	0.003	0
2786	N	0.010	0
2787	S	0.003	0
2788	G	0.002	0
2789	N	0.004	0
2790	I	0.009	0
2791	N	0.011	0
2792	P	0.010	0
2793	S	0.005	0
2794	G	0.012	0
2795	N	0.006	0
2796	T	0.008	0
2797	P	0.084	0
2798	P	0.040	0
2799	T	0.098	0
2800	S	0.026	0
2801	D	0.020	0
2802	I	0.003	0
2803	P	0.005	0
2804	S	0.007	0
2805	G	0.004	0
2806	K	0.006	0
2807	Q	0.006	0
2808	S	0.005	0
2809	D	0.004	0
2810	I	0.005	0
2811	P	0.007	0
2812	S	0.002	0
2813	D	0.005	0
2814	N	0.004	0
2815	N	0.009	0
2816	I	0.005	0
2817	H	0.009	0
2818	S	0.007	0
2819	D	0.005	0
2820	I	0.008	0
2821	P	0.019	0
2822	Y	0.007	0
2823	V	0.007	0
2824	L	0.002	0
2825	N	0.007	0
2826	T	0.004	0
2827	D	0.001	0
2828	V	0.001	0
2829	S	0.001	0
2830	I	0.002	0
2831	Q	0.000	0
2832	I	0.000	0
2833	H	0.004	0
2834	M	0.004	0
2835	D	0.002	0
2836	N	0.007	0
2837	P	0.002	0
2838	K	0.002	0
2839	P	0.005	0
2840	I	0.005	0
2841	N	0.003	0
2842	E	0.006	0
2843	F	0.002	0
2844	S	0.001	0
2845	N	0.001	0
2846	M	0.003	0
2847	D	0.001	0
2848	T	0.003	0
2849	Y	0.005	0
2850	P	0.003	0
2851	N	0.003	0
2852	N	0.001	0
2853	S	0.000	0
2854	S	0.003	0
2855	M	0.006	0
2856	D	0.011	0
2857	T	0.007	0
2858	I	0.002	0
2859	L	0.003	0
2860	E	0.006	0
2861	D	0.004	0
2862	L	0.002	0
2863	D	0.005	0
2864	K	0.022	0
2865	P	0.006	0
2866	F	0.005	0
2867	N	0.009	0
2868	E	0.008	0
2869	P	0.006	0
2870	Y	0.007	0
2871	Y	0.058	0
2872	Y	0.029	0
2873	D	0.028	0
2874	V	0.063	0
2875	Q	0.016	0
2876	D	0.016	0
2877	D	0.010	0
2878	I	0.033	0
2879	Y	0.061	0
2880	Y	0.144	0
2881	D	0.013	0
2882	V	0.037	0
2883	H	0.009	0
2884	D	0.032	0
2885	H	0.018	0
2886	D	0.006	0
2887	T	0.036	0
2888	S	0.004	0
2889	T	0.027	0
2890	V	0.006	0
2891	D	0.009	0
2892	T	0.005	0
2893	N	0.002	0
2894	A	0.002	0
2895	M	0.000	0
2896	D	0.001	0
2897	E	0.002	0
2898	P	0.000	0
2899	S	0.000	0
2900	K	0.000	0
2901	V	0.000	0
2902	Q	0.000	0
2903	I	0.000	0
2904	E	0.000	0
2905	M	0.000	0
2906	D	0.000	0
2907	V	0.001	0
2908	N	0.056	0
2909	T	0.001	0
2910	K	0.000	0
2911	L	0.000	0
2912	V	0.000	0
2913	K	0.001	0
2914	E	0.001	0
2915	K	0.003	0
2916	Y	0.000	0
2917	P	0.000	0
2918	I	0.000	0
2919	A	0.000	0
2920	D	0.000	0
2921	L	0.000	0
2922	W	0.000	0
2923	D	0.000	0
2924	I	0.000	0
